951,0.000
662,0.021
199,0.034
596,0.054
439,0.093
340,0.141
479,0.143
213,0.151
829,0.155
289,0.180
199,0.188
815,0.192
534,0.226
586,0.242
651,0.288
234,0.302
945,0.343
261,0.344
748,0.380
852,0.396
769,0.400
131,0.449
948,0.474
924,0.498
15,0.541
702,0.551
816,0.569
246,0.573
160,0.577
279,0.583
520,0.628
713,0.638
713,0.681
965,0.718
802,0.756
216,0.756
302,0.772
448,0.774
185,0.811
961,0.845
743,0.878
976,0.909
173,0.959
935,0.988
311,1.002
54,1.008
688,1.051
714,1.094
266,1.128
40,1.129
939,1.153
770,1.162
412,1.168
884,1.170
534,1.177
796,1.201
374,1.203
321,1.232
77,1.282
487,1.332
981,1.353
102,1.376
966,1.396
123,1.434
53,1.451
421,1.451
879,1.490
622,1.491
537,1.508
33,1.538
240,1.546
306,1.583
97,1.633
572,1.680
676,1.713
361,1.756
855,1.778
373,1.803
228,1.836
990,1.866
58,1.883
518,1.928
722,1.961
450,1.990
998,2.022
76,2.055
401,2.097
597,2.133
507,2.142
373,2.148
507,2.162
198,2.183
859,2.214
789,2.245
108,2.258
160,2.287
820,2.324
915,2.367
36,2.386
869,2.419
58,2.460
954,2.488
296,2.496
172,2.535
955,2.582
87,2.592
845,2.641
33,2.663
277,2.708
952,2.745
75,2.748
637,2.760
931,2.782
692,2.828
779,2.853
682,2.855
375,2.870
905,2.903
786,2.931
762,2.980
977,3.009
522,3.025
819,3.054
162,3.074
874,3.083
15,3.133
468,3.153
964,3.179
565,3.193
430,3.234
481,3.276
242,3.318
655,3.320
553,3.364
872,3.408
134,3.422
793,3.467
80,3.517
551,3.549
871,3.585
959,3.616
869,3.665
442,3.711
338,3.720
833,3.766
379,3.798
212,3.843
427,3.848
18,3.851
54,3.877
892,3.920
389,3.934
401,3.960
833,3.989
809,3.991
532,4.035
924,4.051
114,4.059
301,4.077
971,4.103
479,4.115
317,4.124
804,4.124
725,4.157
566,4.174
784,4.184
864,4.193
256,4.220
740,4.231
26,4.269
26,4.301
288,4.329
87,4.363
647,4.391
323,4.427
480,4.444
480,4.480
12,4.489
64,4.500
601,4.506
906,4.555
902,4.559
538,4.607
47,4.632
5,4.668
685,4.699
682,4.704
103,4.723
940,4.746
151,4.773
907,4.810
53,4.824
542,4.834
557,4.842
887,4.864
279,4.870
144,4.917
372,4.934
183,4.937
578,4.970
955,4.982
96,4.990
337,5.001
754,5.029
629,5.069
500,5.086
649,5.123
916,5.138
514,5.175
22,5.218
135,5.256
348,5.302
424,5.335
688,5.381
850,5.409
852,5.433
65,5.455
747,5.455
905,5.490
351,5.529
543,5.549
255,5.567
179,5.615
8,5.637
626,5.683
133,5.712
812,5.712
436,5.716
625,5.765
696,5.804
147,5.806
486,5.847
990,5.892
363,5.906
831,5.945
850,5.970
813,6.016
191,6.065
306,6.072
71,6.110
605,6.151
5,6.198
880,6.241
742,6.253
767,6.263
291,6.299
49,6.303
465,6.322
255,6.355
255,6.381
822,6.427
380,6.455
609,6.487
661,6.525
77,6.574
562,6.610
705,6.647
861,6.663
966,6.679
433,6.680
993,6.689
38,6.701
863,6.735
478,6.758
965,6.801
403,6.806
936,6.841
44,6.864
93,6.897
755,6.937
402,6.953
569,6.982
177,6.995
412,7.038
578,7.060
53,7.068
59,7.109
960,7.148
160,7.150
462,7.176
76,7.201
1,7.236
575,7.242
879,7.266
737,7.312
88,7.321
365,7.353
304,7.382
510,7.383
462,7.402
425,7.403
66,7.403
151,7.427
134,7.437
488,7.456
837,7.464
832,7.497
248,7.512
516,7.556
234,7.590
350,7.631
513,7.672
676,7.683
970,7.722
901,7.743
806,7.790
313,7.830
438,7.845
424,7.859
867,7.895
741,7.913
511,7.950
125,7.958
243,7.972
880,7.997
241,8.007
747,8.053
393,8.065
597,8.083
947,8.113
233,8.161
36,8.166
254,8.176
5,8.190
759,8.214
540,8.221
250,8.226
446,8.231
705,8.252
233,8.300
398,8.314
187,8.337
840,8.363
162,8.383
723,8.399
460,8.428
49,8.468
891,8.470
750,8.482
671,8.503
94,8.536
94,8.546
175,8.582
847,8.605
86,8.632
23,8.662
110,8.679
18,8.714
396,8.744
986,8.764
986,8.768
380,8.785
901,8.804
127,8.830
949,8.875
965,8.925
47,8.966
937,8.974
926,8.986
543,9.017
480,9.045
655,9.050
551,9.085
245,9.135
775,9.181
25,9.196
70,9.228
616,9.268
371,9.273
578,9.282
801,9.309
663,9.336
505,9.358
994,9.390
372,9.437
836,9.469
162,9.483
914,9.520
626,9.533
400,9.567
868,9.597
124,9.631
913,9.669
92,9.704
443,9.719
443,9.755
265,9.794
836,9.796
915,9.819
532,9.857
347,9.898
155,9.920
321,9.957
759,9.961
647,9.996
133,10.001
941,10.019
279,10.025
881,10.055
341,10.069
932,10.087
932,10.135
440,10.145
96,10.147
507,10.172
195,10.181
857,10.191
586,10.213
399,10.222
423,10.249
749,10.267
516,10.306
503,10.315
399,10.336
364,10.373
500,10.420
70,10.453
711,10.465
396,10.466
628,10.473
628,10.497
444,10.508
625,10.531
294,10.550
183,10.597
840,10.630
757,10.677
614,10.716
475,10.743
956,10.778
917,10.821
641,10.868
370,10.891
761,10.941
772,10.955
707,10.980
440,11.026
823,11.042
30,11.079
677,11.082
737,11.113
676,11.130
342,11.130
4,11.173
748,11.199
870,11.238
791,11.243
700,11.258
738,11.308
114,11.316
593,11.319
30,11.325
676,11.331
483,11.357
100,11.371
437,11.410
724,11.433
831,11.469
648,11.500
201,11.522
607,11.547
530,11.556
169,11.601
473,11.610
904,11.612
306,11.617
876,11.631
757,11.658
573,11.679
310,11.708
671,11.742
505,11.751
680,11.761
682,11.806
220,11.856
321,11.900
507,11.948
664,11.981
940,11.989
347,12.035
833,12.055
879,12.079
368,12.090
641,12.121
291,12.143
603,12.189
620,12.214
871,12.236
278,12.254
897,12.270
803,12.308
343,12.334
951,12.351
84,12.394
434,12.415
322,12.456
338,12.476
536,12.514
3,12.524
729,12.543
577,12.578
805,12.588
949,12.638
686,12.663
770,12.688
38,12.737
323,12.779
945,12.789
813,12.832
131,12.874
515,12.900
47,12.926
997,12.940
399,12.956
331,12.992
75,13.016
6,13.021
535,13.029
762,13.030
112,13.030
259,13.037
339,13.045
634,13.087
958,13.088
359,13.127
166,13.133
317,13.172
349,13.191
658,13.234
184,13.275
461,13.320
810,13.336
669,13.349
417,13.374
639,13.383
402,13.409
302,13.430
154,13.445
537,13.453
929,13.472
492,13.486
616,13.509
128,13.549
745,13.598
18,13.626
801,13.634
25,13.646
73,13.675
831,13.708
211,13.734
902,13.746
722,13.790
349,13.808
592,13.817
563,13.852
297,13.853
684,13.856
66,13.860
911,13.886
447,13.924
794,13.936
889,13.939
665,13.986
312,13.991
33,14.010
747,14.051
272,14.085
211,14.088
513,14.125
817,14.143
34,14.146
689,14.175
130,14.182
907,14.222
984,14.224
355,14.255
964,14.301
766,14.304
536,14.314
441,14.336
158,14.336
158,14.373
158,14.403
825,14.424
425,14.446
899,14.485
543,14.493
333,14.520
786,14.565
531,14.606
450,14.636
537,14.637
537,14.653
347,14.680
599,14.720
976,14.752
877,14.756
813,14.786
28,14.793
992,14.837
448,14.881
623,14.885
645,14.906
166,14.936
791,14.939
746,14.980
382,15.007
526,15.018
204,15.067
992,15.087
522,15.094
17,15.107
246,15.109
247,15.131
590,15.150
839,15.172
292,15.183
87,15.209
87,15.232
921,15.281
336,15.320
713,15.360
716,15.378
460,15.402
73,15.443
102,15.479
500,15.523
891,15.555
855,15.593
227,15.598
814,15.628
540,15.647
61,15.673
697,15.712
652,15.714
260,15.755
329,15.769
385,15.817
539,15.823
402,15.873
549,15.887
194,15.900
595,15.920
208,15.957
985,15.999
618,16.027
97,16.045
367,16.057
749,16.082
953,16.128
704,16.151
346,16.153
378,16.196
827,16.238
909,16.243
49,16.245
893,16.253
951,16.266
505,16.306
217,16.356
627,16.399
764,16.425
666,16.467
822,16.480
246,16.490
795,16.499
907,16.516
518,16.541
684,16.573
288,16.596
437,16.617
996,16.617
282,16.619
732,16.662
528,16.662
825,16.667
209,16.706
565,16.739
208,16.781
98,16.818
194,16.844
389,16.844
109,16.847
852,16.886
839,16.891
579,16.929
476,16.969
929,17.000
193,17.003
188,17.021
248,17.041
522,17.083
923,17.129
515,17.148
763,17.181
278,17.194
261,17.242
669,17.275
978,17.275
367,17.314
30,17.315
877,17.347
175,17.381
457,17.425
299,17.429
169,17.456
897,17.460
47,17.484
787,17.491
422,17.491
371,17.521
55,17.548
852,17.571
592,17.588
888,17.619
9,17.632
850,17.675
239,17.687
578,17.691
576,17.735
852,17.751
209,17.774
639,17.799
563,17.829
80,17.847
589,17.875
503,17.908
833,17.926
46,17.957
730,18.000
482,18.017
905,18.044
218,18.094
318,18.105
280,18.106
292,18.132
62,18.161
92,18.200
287,18.236
861,18.251
629,18.279
948,18.311
811,18.354
729,18.401
281,18.404
690,18.407
409,18.419
384,18.433
918,18.465
791,18.515
130,18.544
880,18.568
957,18.573
6,18.590
937,18.595
76,18.629
76,18.635
705,18.674
646,18.698
658,18.731
566,18.764
295,18.813
261,18.826
127,18.870
862,18.907
849,18.920
287,18.932
871,18.982
491,19.006
343,19.020
508,19.031
723,19.070
917,19.071
641,19.092
991,19.111
284,19.142
25,19.192
926,19.201
701,19.234
183,19.235
53,19.262
673,19.309
751,19.324
617,19.337
623,19.363
565,19.372
262,19.402
527,19.434
112,19.452
697,19.475
993,19.511
451,19.539
679,19.585
135,19.588
55,19.635
47,19.646
767,19.655
292,19.686
153,19.701
405,19.724
868,19.726
699,19.733
876,19.737
641,19.749
812,19.773
644,19.791
626,19.801
853,19.847
745,19.884
661,19.885
661,19.885
862,19.914
189,19.954
64,19.969
64,19.986
528,19.995
56,20.038
575,20.076
37,20.111
515,20.142
598,20.181
47,20.182
953,20.210
623,20.211
140,20.239
194,20.261
883,20.290
837,20.318
472,20.322
675,20.343
773,20.350
785,20.382
657,20.409
211,20.423
158,20.454
505,20.462
620,20.500
784,20.542
436,20.561
302,20.607
188,20.618
848,20.658
579,20.680
465,20.707
413,20.740
542,20.788
464,20.821
66,20.857
824,20.870
960,20.889
636,20.905
975,20.931
835,20.946
561,20.992
87,21.029
609,21.067
846,21.098
808,21.098
672,21.147
811,21.163
531,21.182
74,21.205
13,21.215
555,21.264
567,21.310
809,21.324
203,21.343
972,21.364
500,21.381
836,21.421
304,21.463
477,21.465
575,21.482
554,21.525
520,21.568
471,21.597
277,21.597
633,21.605
40,21.641
337,21.679
892,21.719
609,21.723
896,21.764
60,21.800
744,21.836
574,21.843
704,21.879
12,21.881
776,21.910
886,21.932
952,21.944
970,21.990
926,22.013
550,22.027
478,22.032
587,22.048
175,22.080
609,22.129
984,22.133
11,22.166
411,22.177
522,22.209
872,22.250
409,22.258
72,22.263
150,22.311
319,22.328
620,22.347
249,22.363
538,22.375
383,22.408
91,22.431
218,22.467
263,22.487
8,22.499
701,22.525
458,22.549
630,22.576
105,22.584
951,22.619
8,22.631
498,22.637
402,22.670
337,22.672
506,22.673
996,22.694
484,22.701
592,22.751
477,22.769
809,22.801
438,22.814
723,22.863
397,22.876
116,22.896
642,22.899
585,22.899
687,22.901
657,22.940
683,22.968
911,22.976
220,22.982
710,23.027
966,23.070
478,23.106
972,23.143
109,23.153
439,23.180
194,23.224
295,23.251
678,23.288
880,23.317
587,23.317
822,23.323
726,23.369
487,23.394
236,23.411
271,23.417
447,23.447
998,23.463
294,23.475
365,23.513
269,23.540
254,23.576
276,23.613
820,23.619
346,23.651
82,23.661
805,23.680
722,23.680
486,23.728
481,23.749
997,23.759
774,23.795
944,23.825
493,23.828
593,23.845
719,23.865
523,23.899
523,23.930
536,23.959
648,23.994
522,24.040
124,24.082
635,24.106
874,24.109
116,24.159
548,24.194
229,24.231
716,24.232
317,24.247
856,24.260
870,24.300
821,24.331
411,24.362
64,24.384
280,24.429
192,24.441
542,24.452
348,24.455
413,24.476
