398,0.000
361,0.034
519,0.053
862,0.059
279,0.107
317,0.148
428,0.184
742,0.220
792,0.245
174,0.258
945,0.301
624,0.304
796,0.320
467,0.331
166,0.345
186,0.358
635,0.387
980,0.398
936,0.425
141,0.427
453,0.429
927,0.468
700,0.505
529,0.543
210,0.582
293,0.584
85,0.585
769,0.595
337,0.596
825,0.600
467,0.627
873,0.642
971,0.674
412,0.690
98,0.724
922,0.726
623,0.732
36,0.758
36,0.799
539,0.839
253,0.848
589,0.867
983,0.868
506,0.876
414,0.903
414,0.903
625,0.944
860,0.986
722,1.012
214,1.021
188,1.026
768,1.062
950,1.064
532,1.089
95,1.096
254,1.114
432,1.151
554,1.181
337,1.182
798,1.199
191,1.204
813,1.215
278,1.233
867,1.281
402,1.298
479,1.307
984,1.348
542,1.377
512,1.377
884,1.402
66,1.413
638,1.415
899,1.421
206,1.441
570,1.483
882,1.512
810,1.525
422,1.569
694,1.614
775,1.649
923,1.681
211,1.725
388,1.734
18,1.759
9,1.779
711,1.800
84,1.816
877,1.858
739,1.897
38,1.945
9,1.981
587,2.022
713,2.027
126,2.045
670,2.082
791,2.087
316,2.131
919,2.138
234,2.138
191,2.157
981,2.202
4,2.226
609,2.232
908,2.278
885,2.278
684,2.284
100,2.304
684,2.345
34,2.350
28,2.385
530,2.405
814,2.420
72,2.441
710,2.457
726,2.472
745,2.479
1,2.484
496,2.517
225,2.531
499,2.560
343,2.587
912,2.618
6,2.625
563,2.654
41,2.687
98,2.737
926,2.782
529,2.786
698,2.830
20,2.847
452,2.863
689,2.910
427,2.925
58,2.956
82,2.999
900,3.015
855,3.044
630,3.078
690,3.100
358,3.113
432,3.133
786,3.151
780,3.153
479,3.174
367,3.212
786,3.217
407,3.217
851,3.246
116,3.258
388,3.283
218,3.308
226,3.339
404,3.376
83,3.406
762,3.418
690,3.443
337,3.456
337,3.470
756,3.479
899,3.513
23,3.557
628,3.589
353,3.596
202,3.623
209,3.650
315,3.687
880,3.717
369,3.743
376,3.757
686,3.760
495,3.761
432,3.797
617,3.827
67,3.853
47,3.880
394,3.914
399,3.943
113,3.991
880,4.006
368,4.052
375,4.068
492,4.081
357,4.090
306,4.119
224,4.127
134,4.172
31,4.199
606,4.210
741,4.222
236,4.252
141,4.270
480,4.287
129,4.300
975,4.320
115,4.331
50,4.335
941,4.378
530,4.420
961,4.451
676,4.472
306,4.472
682,4.501
848,4.522
42,4.535
962,4.562
899,4.567
842,4.610
3,4.638
301,4.675
356,4.675
613,4.690
135,4.724
916,4.770
966,4.783
11,4.808
374,4.836
251,4.840
960,4.881
722,4.920
988,4.938
736,4.941
109,4.979
725,5.007
514,5.036
275,5.061
94,5.080
10,5.112
82,5.137
189,5.168
17,5.175
986,5.194
879,5.232
670,5.239
670,5.269
481,5.286
355,5.306
201,5.315
413,5.327
410,5.349
32,5.369
446,5.378
439,5.381
63,5.418
210,5.441
210,5.471
715,5.477
93,5.501
574,5.520
673,5.568
631,5.595
613,5.600
868,5.644
772,5.662
391,5.706
579,5.735
792,5.759
192,5.801
816,5.811
457,5.819
627,5.849
836,5.890
206,5.924
801,5.958
996,5.998
953,6.028
172,6.073
603,6.095
159,6.095
832,6.107
613,6.156
775,6.200
129,6.229
196,6.267
65,6.287
420,6.325
777,6.350
454,6.370
241,6.379
291,6.406
776,6.417
884,6.436
670,6.440
309,6.460
960,6.479
102,6.519
874,6.525
874,6.571
899,6.582
918,6.593
798,6.607
864,6.634
766,6.662
880,6.679
485,6.688
10,6.706
291,6.740
907,6.744
663,6.788
650,6.836
948,6.861
110,6.866
481,6.887
96,6.916
568,6.945
135,6.951
934,6.956
726,6.984
259,6.992
544,7.014
551,7.024
528,7.038
503,7.072
619,7.074
285,7.107
115,7.155
498,7.158
781,7.171
454,7.179
823,7.224
606,7.247
426,7.258
351,7.291
233,7.318
717,7.319
31,7.337
638,7.350
140,7.362
574,7.406
966,7.421
789,7.471
645,7.495
538,7.513
419,7.518
794,7.547
654,7.586
880,7.608
360,7.656
951,7.702
689,7.731
604,7.731
382,7.753
920,7.802
448,7.819
830,7.849
721,7.882
286,7.902
90,7.914
125,7.942
602,7.958
657,8.006
717,8.013
638,8.017
436,8.053
846,8.102
997,8.110
682,8.112
223,8.158
873,8.208
291,8.209
319,8.240
792,8.270
516,8.294
72,8.314
728,8.351
289,8.395
749,8.432
769,8.451
476,8.462
539,8.497
833,8.530
544,8.553
483,8.573
483,8.600
771,8.644
407,8.676
120,8.720
659,8.759
653,8.772
131,8.783
223,8.810
473,8.829
983,8.835
318,8.869
596,8.872
755,8.880
462,8.887
691,8.905
700,8.913
320,8.963
961,8.989
330,9.031
577,9.080
36,9.085
694,9.093
140,9.137
417,9.158
658,9.159
862,9.201
489,9.231
249,9.259
970,9.279
591,9.319
292,9.331
382,9.336
128,9.356
424,9.394
38,9.407
962,9.421
801,9.451
978,9.496
599,9.515
244,9.547
65,9.567
725,9.587
340,9.591
899,9.604
117,9.632
153,9.679
811,9.683
812,9.726
673,9.748
881,9.785
420,9.804
484,9.842
481,9.871
485,9.902
703,9.941
268,9.955
603,9.963
69,9.983
328,10.006
213,10.018
114,10.038
770,10.084
673,10.112
372,10.119
554,10.153
530,10.158
736,10.205
901,10.218
875,10.242
618,10.272
278,10.283
294,10.333
761,10.339
461,10.348
484,10.370
539,10.377
40,10.400
386,10.409
996,10.427
872,10.443
495,10.444
946,10.479
964,10.525
244,10.538
621,10.574
449,10.612
805,10.648
418,10.696
952,10.744
321,10.759
576,10.809
994,10.832
222,10.856
830,10.904
352,10.950
390,10.999
143,11.026
636,11.074
642,11.074
138,11.113
683,11.153
469,11.168
801,11.201
531,11.214
658,11.261
111,11.300
501,11.304
879,11.325
0,11.335
647,11.367
647,11.372
316,11.379
431,11.379
733,11.383
693,11.419
197,11.464
270,11.480
369,11.480
67,11.501
783,11.532
871,11.545
412,11.595
422,11.606
933,11.639
667,11.655
695,11.695
612,11.709
111,11.718
981,11.766
330,11.788
743,11.835
998,11.865
674,11.870
338,11.897
295,11.945
506,11.960
339,12.000
398,12.022
137,12.064
910,12.082
90,12.118
17,12.159
401,12.179
266,12.222
62,12.258
970,12.291
425,12.303
145,12.307
540,12.317
377,12.336
543,12.344
87,12.360
114,12.364
207,12.366
192,12.388
993,12.408
499,12.412
476,12.412
815,12.438
970,12.457
600,12.488
769,12.535
168,12.569
909,12.595
59,12.598
135,12.602
69,12.627
307,12.636
894,12.674
698,12.699
229,12.738
544,12.777
957,12.807
667,12.839
631,12.855
988,12.889
737,12.904
690,12.914
980,12.925
954,12.929
585,12.957
767,12.996
32,13.003
629,13.030
673,13.058
113,13.107
72,13.136
675,13.138
4,13.142
592,13.148
539,13.149
240,13.175
440,13.191
461,13.213
717,13.244
641,13.280
181,13.293
181,13.298
770,13.331
169,13.346
286,13.374
261,13.422
20,13.431
83,13.437
230,13.439
521,13.447
194,13.496
374,13.527
12,13.537
669,13.567
746,13.600
931,13.632
444,13.649
444,13.670
243,13.700
338,13.747
170,13.790
975,13.791
559,13.808
703,13.839
923,13.882
673,13.915
835,13.942
666,13.988
677,14.006
513,14.013
502,14.020
611,14.036
355,14.039
77,14.061
283,14.098
86,14.139
595,14.177
865,14.208
638,14.243
971,14.248
165,14.277
690,14.323
727,14.371
749,14.379
160,14.404
871,14.444
946,14.456
43,14.474
865,14.489
865,14.532
300,14.562
671,14.597
832,14.600
525,14.600
121,14.618
321,14.637
873,14.669
413,14.697
560,14.711
451,14.755
486,14.793
580,14.830
831,14.879
759,14.922
495,14.931
602,14.967
597,14.999
480,15.000
519,15.007
762,15.038
833,15.082
107,15.122
243,15.165
441,15.209
874,15.224
673,15.240
56,15.285
620,15.328
906,15.359
955,15.392
3,15.442
76,15.448
645,15.494
543,15.521
346,15.561
311,15.609
437,15.658
400,15.665
876,15.671
539,15.672
419,15.673
536,15.673
378,15.684
930,15.699
802,15.735
579,15.754
455,15.769
30,15.806
720,15.838
425,15.848
111,15.851
622,15.855
386,15.860
762,15.910
223,15.949
391,15.988
667,16.034
96,16.073
169,16.104
603,16.131
412,16.174
961,16.184
560,16.213
506,16.217
149,16.225
265,16.252
81,16.252
445,16.268
974,16.270
214,16.310
61,16.335
639,16.376
628,16.385
951,16.388
417,16.398
268,16.404
929,16.452
4,16.497
128,16.497
937,16.511
842,16.556
746,16.587
396,16.604
687,16.622
545,16.645
467,16.671
63,16.699
611,16.705
943,16.712
209,16.734
823,16.745
656,16.766
68,16.776
351,16.783
112,16.819
528,16.828
839,16.859
926,16.859
429,16.867
564,16.885
597,16.894
891,16.925
189,16.972
221,17.021
768,17.041
59,17.068
960,17.093
216,17.122
928,17.134
36,17.148
234,17.187
557,17.227
387,17.227
433,17.267
609,17.283
559,17.331
274,17.349
725,17.359
424,17.362
552,17.395
905,17.409
468,17.416
625,17.438
285,17.466
996,17.474
123,17.511
700,17.526
103,17.555
23,17.589
527,17.607
192,17.641
676,17.688
765,17.736
23,17.776
334,17.788
601,17.791
725,17.820
477,17.848
914,17.882
309,17.904
801,17.940
834,17.983
482,17.999
701,18.044
188,18.059
520,18.074
499,18.080
502,18.090
84,18.116
839,18.122
962,18.156
718,18.161
341,18.208
620,18.255
488,18.257
611,18.295
708,18.301
666,18.335
666,18.369
357,18.386
416,18.421
930,18.442
876,18.485
604,18.488
998,18.493
918,18.521
403,18.559
209,18.566
67,18.594
409,18.604
147,18.632
724,18.680
210,18.708
606,18.718
526,18.736
974,18.786
467,18.814
656,18.858
194,18.891
751,18.930
609,18.954
297,18.977
657,19.021
274,19.021
390,19.052
971,19.082
747,19.088
858,19.098
750,19.102
969,19.112
193,19.125
836,19.159
878,19.179
115,19.211
863,19.217
348,19.258
91,19.287
932,19.307
342,19.312
110,19.335
796,19.376
107,19.381
263,19.414
815,19.440
311,19.472
433,19.480
355,19.480
236,19.485
101,19.502
230,19.534
357,19.547
577,19.581
876,19.630
550,19.648
914,19.650
5,19.684
242,19.693
206,19.734
220,19.782
648,19.797
944,19.824
948,19.832
559,19.866
730,19.881
378,19.927
745,19.972
991,19.991
780,20.039
884,20.077
352,20.113
254,20.133
155,20.174
354,20.182
959,20.227
464,20.228
357,20.269
3,20.302
815,20.339
496,20.379
834,20.404
610,20.425
326,20.437
851,20.445
161,20.471
250,20.476
128,20.505
552,20.545
610,20.551
468,20.554
192,20.585
978,20.603
292,20.633
995,20.654
961,20.677
727,20.705
102,20.736
463,20.748
8,20.773
392,20.779
770,20.796
159,20.832
573,20.856
756,20.863
366,20.908
672,20.915
786,20.945
141,20.946
586,20.987
281,21.012
179,21.046
715,21.077
105,21.094
211,21.134
466,21.157
216,21.166
249,21.215
301,21.246
320,21.285
58,21.322
107,21.341
333,21.358
181,21.383
900,21.433
90,21.459
151,21.502
820,21.529
654,21.531
800,21.540
824,21.571
619,21.594
524,21.621
851,21.652
432,21.655
171,21.680
946,21.681
80,21.720
611,21.743
955,21.750
375,21.759
348,21.790
756,21.801
442,21.816
603,21.861
805,21.906
786,21.950
67,21.987
748,22.036
223,22.072
555,22.116
41,22.159
289,22.200
627,22.211
461,22.215
994,22.223
392,22.223
73,22.267
407,22.271
924,22.276
415,22.323
48,22.326
155,22.334
862,22.347
850,22.354
469,22.376
209,22.408
105,22.414
992,22.435
853,22.464
628,22.511
736,22.553
430,22.569
659,22.600
731,22.607
525,22.647
972,22.654
333,22.655
363,22.691
108,22.718
808,22.741
971,22.759
375,22.780
657,22.795
682,22.806
942,22.835
121,22.879
3,22.912
509,22.960
196,22.985
199,22.990
408,23.003
222,23.008
287,23.054
250,23.093
893,23.132
766,23.179
484,23.188
495,23.214
172,23.218
963,23.220
617,23.243
688,23.272
911,23.275
492,23.320
519,23.365
511,23.373
120,23.421
506,23.433
200,23.434
840,23.459
55,23.508
372,23.535
9,23.571
97,23.596
71,23.628
711,23.676
244,23.683
766,23.713
365,23.755
318,23.790
768,23.809
348,23.841
525,23.881
