145,0.000
966,0.005
952,0.025
893,0.049
695,0.052
502,0.068
157,0.092
141,0.134
760,0.151
632,0.184
164,0.221
625,0.243
173,0.292
556,0.294
669,0.301
671,0.344
456,0.346
799,0.375
479,0.376
848,0.426
423,0.454
475,0.498
221,0.536
668,0.560
58,0.595
543,0.603
597,0.635
627,0.669
758,0.714
152,0.760
592,0.794
197,0.831
912,0.856
913,0.894
974,0.909
199,0.958
920,1.003
146,1.045
10,1.095
822,1.097
66,1.115
795,1.129
619,1.153
302,1.164
229,1.197
869,1.243
240,1.270
50,1.318
179,1.353
857,1.389
458,1.439
726,1.459
198,1.474
629,1.475
864,1.502
415,1.529
958,1.553
923,1.562
867,1.601
765,1.619
53,1.630
471,1.659
40,1.696
511,1.720
175,1.769
349,1.773
256,1.816
453,1.843
835,1.870
55,1.886
189,1.899
477,1.937
588,1.968
254,1.975
820,2.016
748,2.026
24,2.033
12,2.042
404,2.086
723,2.089
319,2.099
691,2.129
829,2.175
54,2.224
866,2.253
516,2.301
532,2.313
926,2.320
483,2.363
102,2.403
83,2.450
756,2.489
835,2.527
13,2.570
209,2.589
561,2.638
155,2.686
633,2.733
395,2.776
639,2.813
914,2.823
344,2.837
329,2.861
512,2.892
954,2.928
175,2.963
230,3.005
374,3.048
636,3.060
714,3.107
691,3.135
520,3.164
828,3.174
192,3.218
863,3.268
448,3.310
54,3.331
54,3.360
335,3.363
296,3.374
766,3.416
714,3.442
599,3.484
495,3.519
626,3.554
983,3.564
163,3.568
77,3.614
30,3.628
401,3.633
906,3.680
265,3.727
748,3.755
256,3.802
526,3.849
629,3.880
754,3.916
169,3.954
375,3.967
747,4.002
159,4.012
418,4.012
797,4.032
419,4.077
273,4.119
433,4.135
408,4.145
665,4.156
901,4.169
729,4.206
15,4.235
766,4.237
667,4.279
115,4.292
115,4.304
913,4.309
205,4.324
249,4.340
154,4.384
475,4.429
707,4.471
578,4.496
883,4.528
648,4.573
278,4.573
414,4.574
316,4.601
145,4.637
140,4.672
299,4.694
918,4.699
740,4.745
642,4.762
930,4.788
740,4.806
852,4.844
534,4.894
781,4.912
268,4.929
916,4.974
849,4.988
127,5.033
795,5.067
128,5.114
139,5.118
436,5.151
123,5.188
123,5.195
667,5.227
134,5.234
341,5.251
426,5.301
483,5.338
448,5.362
410,5.407
951,5.429
85,5.473
486,5.513
126,5.522
502,5.566
677,5.585
858,5.608
966,5.649
146,5.649
708,5.651
57,5.689
113,5.734
398,5.742
625,5.754
364,5.794
804,5.820
547,5.822
409,5.831
420,5.846
889,5.870
889,5.878
418,5.878
34,5.926
555,5.957
712,5.986
841,5.999
422,6.049
376,6.064
189,6.064
259,6.092
896,6.095
293,6.097
855,6.137
193,6.141
555,6.189
920,6.207
488,6.244
898,6.285
639,6.288
51,6.292
931,6.308
28,6.340
996,6.348
119,6.367
789,6.409
721,6.457
704,6.503
305,6.543
78,6.555
627,6.598
799,6.606
905,6.654
506,6.666
292,6.675
887,6.687
604,6.730
271,6.775
925,6.810
245,6.846
716,6.878
930,6.908
855,6.934
774,6.947
927,6.986
15,7.008
73,7.014
930,7.050
901,7.089
710,7.133
953,7.176
475,7.183
78,7.209
946,7.237
770,7.278
558,7.310
204,7.320
823,7.324
787,7.334
307,7.354
544,7.395
310,7.441
616,7.453
737,7.493
737,7.503
956,7.527
929,7.548
85,7.578
621,7.587
173,7.604
216,7.629
983,7.655
612,7.704
688,7.719
108,7.743
75,7.779
212,7.794
493,7.840
605,7.885
616,7.899
297,7.904
424,7.951
771,7.980
888,7.983
61,8.003
246,8.034
53,8.073
612,8.122
679,8.149
71,8.153
677,8.158
476,8.165
234,8.188
469,8.204
438,8.226
819,8.237
260,8.286
64,8.316
870,8.343
748,8.357
764,8.364
636,8.369
441,8.405
346,8.407
634,8.414
640,8.429
29,8.447
334,8.474
820,8.515
695,8.533
553,8.575
346,8.611
586,8.635
933,8.670
152,8.716
125,8.752
612,8.766
168,8.789
884,8.822
199,8.844
557,8.866
651,8.887
354,8.921
141,8.936
92,8.966
645,8.987
207,9.028
266,9.054
191,9.099
315,9.100
808,9.116
535,9.137
830,9.143
335,9.188
864,9.214
664,9.232
921,9.280
317,9.307
101,9.329
797,9.343
624,9.371
503,9.379
456,9.429
724,9.464
817,9.466
288,9.482
542,9.485
466,9.505
700,9.547
954,9.589
455,9.610
90,9.655
159,9.666
523,9.705
183,9.716
900,9.762
584,9.802
902,9.846
902,9.862
337,9.868
300,9.875
538,9.906
282,9.928
568,9.951
522,9.981
295,10.028
473,10.078
817,10.122
301,10.152
282,10.179
133,10.220
564,10.243
429,10.278
246,10.298
942,10.314
891,10.337
755,10.355
96,10.382
204,10.385
460,10.404
521,10.406
857,10.409
775,10.439
703,10.449
93,10.472
335,10.505
142,10.545
978,10.580
841,10.612
731,10.619
182,10.665
649,10.698
790,10.727
726,10.745
183,10.758
653,10.765
162,10.808
781,10.834
7,10.876
258,10.910
188,10.937
651,10.986
708,10.993
254,11.001
576,11.011
251,11.047
688,11.055
899,11.076
656,11.104
219,11.117
363,11.121
425,11.152
693,11.161
574,11.194
574,11.198
213,11.220
725,11.243
673,11.289
672,11.337
336,11.339
996,11.360
28,11.398
440,11.446
612,11.476
688,11.480
679,11.529
172,11.575
681,11.618
87,11.634
721,11.672
24,11.711
861,11.759
871,11.798
846,11.841
476,11.884
428,11.904
443,11.933
800,11.953
580,11.982
563,12.011
91,12.057
720,12.097
115,12.109
560,12.118
429,12.139
421,12.156
868,12.202
892,12.242
752,12.285
393,12.297
312,12.327
388,12.331
73,12.332
233,12.371
472,12.376
217,12.382
766,12.430
327,12.463
746,12.499
489,12.544
802,12.545
20,12.581
901,12.600
136,12.609
637,12.633
48,12.657
373,12.683
289,12.695
836,12.733
833,12.739
408,12.745
691,12.746
515,12.755
259,12.791
413,12.801
643,12.824
649,12.843
784,12.843
232,12.893
735,12.937
227,12.963
186,12.997
840,13.034
56,13.059
144,13.100
959,13.133
226,13.172
714,13.176
575,13.224
215,13.254
952,13.270
403,13.307
452,13.322
113,13.352
87,13.370
349,13.413
421,13.452
132,13.473
877,13.515
260,13.540
498,13.579
85,13.612
654,13.632
977,13.681
335,13.703
515,13.748
92,13.766
245,13.786
748,13.811
124,13.840
991,13.842
530,13.863
850,13.876
94,13.913
312,13.963
959,14.013
771,14.045
553,14.092
215,14.102
416,14.114
569,14.151
144,14.183
310,14.225
419,14.243
543,14.282
454,14.290
288,14.298
781,14.307
690,14.331
199,14.336
543,14.372
97,14.400
622,14.418
315,14.427
233,14.458
915,14.480
691,14.481
669,14.517
645,14.521
932,14.569
613,14.610
810,14.646
496,14.691
784,14.728
233,14.774
153,14.774
142,14.783
948,14.784
565,14.817
162,14.844
409,14.881
938,14.885
528,14.896
509,14.911
975,14.929
332,14.939
208,14.982
756,15.026
983,15.045
304,15.056
733,15.072
3,15.081
669,15.083
114,15.110
179,15.134
944,15.137
480,15.176
582,15.208
112,15.214
112,15.218
697,15.220
255,15.223
998,15.235
55,15.275
945,15.307
264,15.318
716,15.342
569,15.356
110,15.357
125,15.383
888,15.392
399,15.421
539,15.470
271,15.484
930,15.507
721,15.535
755,15.585
561,15.597
500,15.603
768,15.603
973,15.618
702,15.635
152,15.684
37,15.712
801,15.732
106,15.768
842,15.818
906,15.831
897,15.847
471,15.858
569,15.858
269,15.889
451,15.918
648,15.958
284,15.995
982,16.012
195,16.036
667,16.076
254,16.090
539,16.133
143,16.147
16,16.191
321,16.194
506,16.233
574,16.246
506,16.271
4,16.282
826,16.325
678,16.374
209,16.376
91,16.408
132,16.453
45,16.489
149,16.525
295,16.533
737,16.551
526,16.557
515,16.602
697,16.635
944,16.660
175,16.664
268,16.696
51,16.736
764,16.761
800,16.803
76,16.827
642,16.875
59,16.908
221,16.956
537,16.961
136,16.968
506,16.994
646,16.999
647,17.000
941,17.037
641,17.082
527,17.127
429,17.159
785,17.181
561,17.209
51,17.250
596,17.287
715,17.332
664,17.372
798,17.374
983,17.399
374,17.431
57,17.454
305,17.460
414,17.502
319,17.522
13,17.537
129,17.545
442,17.575
244,17.606
34,17.655
618,17.702
269,17.721
334,17.729
768,17.770
900,17.786
907,17.811
485,17.812
148,17.846
644,17.871
367,17.911
948,17.927
748,17.967
917,18.015
426,18.060
882,18.097
399,18.128
893,18.152
167,18.155
572,18.205
677,18.252
418,18.269
148,18.289
451,18.336
871,18.353
294,18.402
710,18.450
719,18.451
536,18.480
814,18.493
461,18.508
246,18.534
665,18.576
398,18.579
606,18.613
470,18.659
959,18.681
282,18.717
263,18.753
375,18.775
529,18.813
957,18.838
434,18.846
85,18.856
761,18.878
593,18.878
760,18.904
406,18.948
862,18.983
897,19.031
607,19.061
562,19.068
923,19.075
781,19.087
462,19.122
591,19.151
88,19.177
909,19.191
963,19.222
207,19.224
649,19.261
535,19.276
250,19.323
612,19.366
595,19.413
172,19.446
611,19.449
521,19.496
306,19.534
433,19.579
699,19.625
750,19.658
713,19.705
936,19.732
821,19.766
966,19.783
368,19.807
386,19.811
37,19.837
696,19.848
440,19.880
981,19.924
969,19.967
413,19.979
671,20.003
912,20.019
398,20.057
406,20.104
888,20.149
185,20.184
823,20.192
338,20.229
595,20.276
120,20.286
275,20.290
709,20.299
659,20.319
694,20.348
704,20.379
68,20.406
4,20.435
515,20.443
326,20.488
584,20.492
616,20.504
455,20.509
279,20.559
636,20.600
27,20.614
999,20.662
923,20.699
298,20.724
763,20.746
94,20.772
40,20.817
62,20.859
30,20.906
693,20.942
116,20.986
837,20.993
203,21.017
396,21.029
721,21.034
107,21.046
363,21.087
438,21.127
896,21.148
316,21.191
388,21.196
869,21.237
200,21.274
814,21.274
723,21.315
121,21.347
924,21.373
294,21.373
119,21.419
154,21.448
650,21.492
400,21.528
229,21.536
163,21.572
115,21.574
184,21.611
22,21.627
267,21.627
974,21.671
293,21.681
532,21.705
825,21.750
742,21.773
194,21.801
451,21.815
922,21.851
800,21.886
392,21.889
573,21.899
177,21.942
950,21.967
472,21.988
50,22.010
431,22.020
557,22.050
841,22.074
810,22.077
862,22.111
847,22.137
406,22.158
424,22.198
930,22.215
425,22.226
884,22.233
11,22.273
27,22.298
555,22.302
235,22.328
639,22.332
917,22.367
159,22.370
611,22.409
953,22.425
40,22.464
898,22.478
443,22.486
519,22.513
360,22.535
102,22.566
650,22.607
624,22.621
862,22.652
602,22.657
578,22.689
951,22.705
871,22.733
877,22.763
114,22.806
743,22.833
202,22.865
180,22.886
463,22.900
663,22.916
677,22.927
558,22.952
361,22.985
725,23.032
809,23.061
902,23.104
962,23.129
190,23.170
403,23.215
345,23.217
380,23.255
397,23.277
553,23.281
485,23.291
750,23.315
0,23.318
898,23.337
10,23.338
860,23.340
73,23.385
130,23.406
432,23.432
749,23.454
979,23.473
616,23.520
651,23.535
239,23.540
829,23.550
541,23.589
145,23.629
194,23.675
755,23.697
278,23.700
530,23.721
314,23.757
50,23.774
696,23.802
244,23.842
483,23.846
572,23.874
828,23.913
18,23.917
202,23.917
614,23.936
782,23.986
708,24.029
258,24.056
669,24.058
925,24.070
928,24.113
716,24.144
286,24.147
251,24.177
780,24.188
411,24.211
397,24.235
458,24.243
764,24.266
470,24.307
161,24.314
551,24.341
754,24.376
924,24.406
520,24.455
844,24.486
655,24.522
261,24.550
256,24.555
985,24.605
71,24.615
746,24.637
428,24.671
94,24.701
94,24.747
426,24.761
509,24.762
470,24.789
497,24.819
413,24.834
70,24.852
157,24.859
204,24.870
227,24.915
838,24.926
104,24.929
790,24.945
545,24.990
166,25.007
637,25.015
273,25.060
390,25.071
629,25.108
415,25.157
742,25.198
689,25.236
627,25.272
209,25.284
658,25.285
618,25.295
528,25.327
39,25.368
10,25.404
10,25.428
111,25.453
650,25.490
453,25.509
925,25.509
328,25.513
223,25.519
553,25.535
268,25.582
894,25.604
210,25.609
923,25.633
973,25.659
398,25.689
298,25.727
395,25.760
131,25.797
876,25.813
